radis = 12.5 cm , area = 490.625 sqcm 
radis = 23.4 cm , area = 1719.3383999999999 sqcm 
radis = 43.6 cm , area = 5969.0144 sqcm 
radis = 14.7 cm , area = 678.5225999999999 sqcm 
